# DATE: 2023-09-28  UNITS: lj  CONTRIBUTOR: Axel...
# pol

tabela_potencia
N 1001

1 0.016 1.421085e+22 8.879612845625001e+23
2 0.032 3.469447e+18 4.440882268678125e+23
3 0.048 2.674023e+16 1.0839374897187501e+20
4 0.064 847032900000000.0 8.338131984375002e+17
5 0.08 58207650000000.0 2.6265766531250004e+16
6 0.096 6528371000000.0 1786904750000000.2
7 0.112 1026698000000.0 197549275000000.03
8 0.128 206794200000.0 30511937187499.996
9 0.144 50316010000.0 6018236875000.007
10 0.16 14210620000.0 1430878999999.9983
11 0.176 4527882000.0 394276812500.00037
12 0.192 1593762000.0 122436665624.99991
13 0.208 609908700.0 41972950000.00004
14 0.224 250627600.0 15637549999.999987
15 0.24 109507100.0 6254834687.500006
16 0.256 50472890.0 2660180312.4999976
17 0.272 24381330.0 1193612499.9999995
18 0.288 12277290.0 561430343.7500012
19 0.304 6415559.0 275361312.4999997
20 0.32 3465728.0 140200437.49999985
21 0.336 1929145.0 73823468.75
22 0.352 1103377.0 40071384.375000075
23 0.368 646860.7 22359253.124999974
24 0.384 387880.9 12794109.374999985
25 0.4 237449.2 7491550.000000003
26 0.416 148151.3 4480540.000000008
27 0.432 94071.92 2732541.249999997
28 0.448 60709.98 1696833.7499999981
29 0.464 39773.24 1071451.2500000005
30 0.48 26423.54 687141.5625000009
31 0.496 17784.71 447083.1249999996
32 0.512 12116.88 294824.4999999997
33 0.528 8350.326 196865.06249999977
34 0.544 5817.198 132992.28124999983
35 0.56 4094.573 90818.84375000012
36 0.576 2910.995 62642.75000000025
37 0.592 2090.005 43608.90624999995
38 0.608 1515.51 30617.12499999997
39 0.624 1110.257 21663.590624999975
40 0.64 822.2751 15438.131249999984
41 0.656 616.2368 11074.671874999989
42 0.672 467.8856 7994.690625000012
43 0.688 360.4067 5807.7593750000215
44 0.704 282.0373 4247.746874999994
45 0.72 224.4788 3131.4093749999984
46 0.736 181.8322 2331.2749999999987
47 0.752 149.878 1757.7374999999984
48 0.768 125.5846 1347.137499999998
49 0.784 106.7696 1053.7778124999986
50 0.8 91.86371 844.5287500000013
51 0.816 79.74468 695.1875000000023
52 0.832 69.61771 587.9934374999993
53 0.848 60.92889 509.9009374999996
54 0.864 53.30088 451.38624999999956
55 0.88 46.48453 405.5896874999996
56 0.896 40.32201 367.6893749999997
57 0.912 34.71847 334.42468749999966
58 0.928 29.62042 303.72125000000074
59 0.944 24.99939 274.3906250000009
60 0.96 20.83992 245.88312499999972
61 0.976 17.13113 218.0824999999997
62 0.992 13.86128 191.14124999999984
63 1.008 11.01461 165.35190624999984
64 1.024 8.570019 141.04846874999984
65 1.04 6.501059 118.53756249999986
66 1.056 4.776817 98.05628124999988
67 1.072 3.363258 79.75134374999993
68 1.088 2.224774 63.67418749999993
69 1.104 1.325684 49.788824999999946
70 1.12 0.6315316 37.98691562500016
71 1.136 0.1101027 28.106712500000235
72 1.152 -0.2678832 19.95264374999998
73 1.168 -0.5283819 13.313103124999985
74 1.184 -0.6939025 7.9754562499999935
75 1.2 -0.7835965 3.737340624999998
76 1.216 -0.8134974 0.4142656250000023
77 1.232 -0.796853 -2.156115624999998
78 1.248 -0.7445017 -4.112493749999999
79 1.264 -0.6652532 -5.570474999999995
80 1.28 -0.5662465 -6.6245343749999925
81 1.296 -0.4532681 -7.350765624999992
82 1.312 -0.331022 -7.809924999999993
83 1.328 -0.2033505 -8.05044718749999
84 1.344 -0.07340769 -8.111179374999992
85 1.36 0.05620724 -8.023687187500048
86 1.376 0.1833503 -7.814133125000049
87 1.392 0.3062595 -7.504731249999993
88 1.408 0.4235017 -7.11477187499999
89 1.424 0.5339322 -6.661337499999991
90 1.44 0.6366645 -6.159787499999993
91 1.456 0.7310454 -5.624009374999996
92 1.472 0.8166328 -5.066556249999994
93 1.488 0.8931752 -4.498724999999997
94 1.504 0.960592 -3.9305562499999986
95 1.52 1.018953 -3.3707812499999967
96 1.536 1.068457 -2.826937499999996
97 1.552 1.109415 -2.305281249999993
98 1.568 1.142226 -1.8108125000000044
99 1.584 1.167361 -1.347437499999998
100 1.6 1.185344 -0.9178124999999966
101 1.616 1.196731 -0.5237187500000005
102 1.632 1.202103 -0.16603125000000318
103 1.648 1.202044 0.1552812500000016
104 1.664 1.197134 0.44078124999999346
105 1.68 1.187939 0.6917187499999997
106 1.696 1.174999 0.9097500000000025
107 1.712 1.158827 1.096749999999993
108 1.728 1.139903 1.254937500000004
109 1.744 1.118669 1.38671875
110 1.76 1.095528 1.4944374999999894
111 1.776 1.070847 1.5804999999999936
112 1.792 1.044952 1.6472500000000032
113 1.808 1.018135 1.696950000000001
114 1.824 0.9906496 1.7317343749999985
115 1.84 0.9627195 1.753528124999999
116 1.856 0.9345367 1.7641687499999996
117 1.872 0.9062661 1.7652906250000093
118 1.888 0.8780474 1.7583625000000147
119 1.904 0.8499985 1.7446843749999985
120 1.92 0.8222175 1.7254062499999954
121 1.936 0.7947855 1.7015250000000002
122 1.952 0.7677687 1.6739062500000017
123 1.968 0.7412205 1.6432874999999996
124 1.984 0.7151835 1.6103031249999944
125 2.0 0.6896908 1.5754874999999977
126 2.016 0.6647679 1.5392875000000004
127 2.032 0.6404336 1.502084374999999
128 2.048 0.6167012 1.4641875000000013
129 2.064 0.5935796 1.4258562499999954
130 2.08 0.5710738 1.3873124999999966
131 2.096 0.5491856 1.348728125000001
132 2.112 0.5279145 1.31025
133 2.128 0.5072576 1.2719968749999975
134 2.144 0.4872106 1.2340687499999987
135 2.16 0.4677674 1.1965499999999984
136 2.176 0.448921 1.1594999999999995
137 2.192 0.4306634 1.1229749999999985
138 2.208 0.4129858 1.0870187499999986
139 2.224 0.3958788 1.0516718749999985
140 2.24 0.3793323 1.0169625000000106
141 2.256 0.363336 0.9829125000000118
142 2.272 0.3478791 0.9495437499999984
143 2.288 0.3329506 0.916868749999999
144 2.304 0.3185393 0.8849031249999992
145 2.32 0.3046337 0.8536562500000002
146 2.336 0.2912223 0.8231343749999986
147 2.352 0.2782934 0.7933437499999982
148 2.368 0.2658353 0.764284374999999
149 2.384 0.2538363 0.7359624999999994
150 2.4 0.2422845 0.7083718750000001
151 2.416 0.2311684 0.6815156249999994
152 2.432 0.220476 0.6553906249999999
153 2.448 0.2101959 0.6299874999999995
154 2.464 0.2003164 0.6053093749999992
155 2.48 0.190826 0.5813437499999994
156 2.496 0.1817134 0.5580843749999991
157 2.512 0.1729673 0.5355281249999999
158 2.528 0.1645765 0.5136624999999997
159 2.544 0.1565301 0.492474999999998
160 2.56 0.1488173 0.4719624999999992
161 2.576 0.1414273 0.452112500000001
162 2.592 0.1343497 0.43291250000000003
163 2.608 0.1275741 0.414353124999999
164 2.624 0.1210904 0.39642187499999926
165 2.64 0.1148886 0.37910624999999953
166 2.656 0.108959 0.36239062499999974
167 2.672 0.1032921 0.3462678124999994
168 2.688 0.09787843 0.3307243749999995
169 2.704 0.09270892 0.31574374999999977
170 2.72 0.08777463 0.3013153124999999
171 2.736 0.08306683 0.28742500000000337
172 2.752 0.07857703 0.27405937500000377
173 2.768 0.07429693 0.2612053125
174 2.784 0.07021846 0.24884874999999962
175 2.8 0.06633377 0.23697656249999977
176 2.816 0.06263521 0.22557562499999984
177 2.832 0.05911535 0.21463218749999946
178 2.848 0.05576698 0.2041324999999996
179 2.864 0.05258311 0.19406406249999986
180 2.88 0.04955693 0.18441374999999982
181 2.896 0.04668187 0.1751684375
182 2.912 0.04395154 0.16631499999999977
183 2.928 0.04135979 0.15784093749999983
184 2.944 0.03890063 0.1497340625000001
185 2.96 0.0365683 0.1419818749999997
186 2.976 0.03435721 0.13457281249999964
187 2.992 0.03226197 0.12749406249999995
188 3.008 0.0302774 0.12073468749999994
189 3.024 0.02839846 0.11428312499999993
190 3.04 0.02662034 0.10812812499999991
191 3.056 0.02493836 0.10225906249999983
192 3.072 0.02334805 0.09666437499999991
193 3.088 0.0218451 0.09133468749999984
194 3.104 0.02042534 0.08625937499999992
195 3.12 0.0190848 0.08142812499999996
196 3.136 0.01781964 0.07683187499999988
197 3.152 0.01662618 0.07246093749999993
198 3.168 0.01550089 0.06830624999999996
199 3.184 0.01444038 0.06435906249999995
200 3.2 0.0134414 0.060610624999999974
201 3.216 0.01250084 0.05705218749999996
202 3.232 0.01161573 0.053675624999999894
203 3.248 0.01078322 0.050473750000000595
204 3.264 0.01000057 0.047439031250000596
205 3.28 0.009265171 0.044563375000000016
206 3.296 0.008574542 0.041839781249999985
207 3.312 0.007926298 0.03926174999999993
208 3.328 0.007318166 0.03682243749999997
209 3.344 0.00674798 0.03451549999999998
210 3.36 0.00621367 0.032334812499999976
211 3.376 0.005713266 0.03027434374999996
212 3.392 0.005244891 0.02832843749999997
213 3.408 0.004806756 0.026491562499999982
214 3.424 0.004397161 0.024758468749999957
215 3.44 0.004014485 0.02312406249999996
216 3.456 0.003657191 0.021583437499999983
217 3.472 0.003323815 0.020131968749999993
218 3.488 0.003012968 0.018765124999999994
219 3.504 0.002723331 0.01747862499999997
220 3.52 0.002453652 0.01626831249999998
221 3.536 0.002202745 0.015130249999999991
222 3.552 0.001969484 0.014060718749999979
223 3.568 0.001752802 0.013056031249999989
224 3.584 0.001551691 0.012112812499999986
225 3.6 0.001365192 0.011227749999999988
226 3.616 0.001192403 0.01039759374999999
227 3.632 0.001032469 0.009619493749999989
228 3.648 0.0008845792 0.00889054374999999
229 3.664 0.0007479716 0.008207956249999992
230 3.68 0.0006219246 0.007569187499999994
231 3.696 0.0005057576 0.006971756249999992
232 3.712 0.0003988284 0.006413312499999994
233 3.728 0.0003005316 0.0058916156249999956
234 3.744 0.0002102967 0.0054045437500000616
235 3.76 0.0001275862 0.00495007406250007
236 3.776 5.189433e-05 0.004526291562499995
237 3.792 -1.725513e-05 0.004131382187499996
238 3.808 -8.03099e-05 0.0037636178124999965
239 3.824 -0.0001376909 0.0034213656249999958
240 3.84 -0.0001897936 0.003103074999999997
241 3.856 -0.0002369893 0.0028072812499999964
242 3.872 -0.0002796266 0.0025325968749999985
243 3.888 -0.0003180324 0.002277712499999999
244 3.904 -0.0003525134 0.0020413874999999967
245 3.92 -0.0003833568 0.0018224437499999979
246 3.936 -0.0004108316 0.0016197812499999988
247 3.952 -0.0004351898 0.0014323531249999973
248 3.968 -0.0004566669 0.0012591687499999976
249 3.984 -0.0004754832 0.0010993093750000012
250 4.0 -0.0004918448 0.0009518937500000001
251 4.016 -0.0005059438 0.0008160968749999983
252 4.032 -0.0005179599 0.0006911437500000013
253 4.048 -0.0005280604 0.0005762999999999983
254 4.064 -0.0005364015 0.00047088437499999414
255 4.08 -0.0005431287 0.00037424687500000123
256 4.096 -0.0005483774 0.00028578437500000053
257 4.112 -0.0005522738 0.000204928125
258 4.128 -0.0005549351 0.00013113749999999966
259 4.144 -0.0005564702 6.391562500000086e-05
260 4.16 -0.0005569804 2.793750000000539e-06
261 4.176 -0.0005565596 -5.26718750000002e-05
262 4.192 -0.0005552949 -0.00010289062499999752
263 4.208 -0.0005532671 -0.00014824687500000072
264 4.224 -0.000550551 -0.00018910625000000125
265 4.24 -0.0005472157 -0.00022580625000000187
266 4.256 -0.0005433252 -0.00025865937500000116
267 4.272 -0.0005389386 -0.0002879562499999988
268 4.288 -0.0005341106 -0.0003139781249999994
269 4.304 -0.0005288913 -0.0003369781250000016
270 4.32 -0.0005233273 -0.00035719687499999667
271 4.336 -0.000517461 -0.0003748562499999962
272 4.352 -0.0005113319 -0.0003901624999999992
273 4.368 -0.0005049758 -0.00040330937500000254
274 4.384 -0.000498426 -0.0004144749999999992
275 4.4 -0.0004917126 -0.00042382812499999756
276 4.416 -0.0004848635 -0.00043152187500000196
277 4.432 -0.0004779039 -0.0004377031249999993
278 4.448 -0.000470857 -0.00044249999999999845
279 4.464 -0.0004637439 -0.00044603749999999956
280 4.48 -0.0004565838 -0.00044843437500000083
281 4.496 -0.000449394 -0.00044979375000001043
282 4.512 -0.0004421904 -0.00045020937500001544
283 4.528 -0.0004349873 -0.00044977812499999957
284 4.544 -0.0004277975 -0.00044858437500000167
285 4.56 -0.0004206326 -0.00044669999999999953
286 4.576 -0.0004135031 -0.00044419687499999694
287 4.592 -0.0004064183 -0.00044114374999999935
288 4.608 -0.0003993865 -0.00043760000000000153
289 4.624 -0.0003924151 -0.0004336187499999998
290 4.64 -0.0003855107 -0.00042925624999999926
291 4.656 -0.0003786789 -0.0004245562499999994
292 4.672 -0.0003719249 -0.0004195562499999996
293 4.688 -0.0003652531 -0.00041430624999999957
294 4.704 -0.0003586671 -0.0004088343750000001
295 4.72 -0.0003521704 -0.0004031749999999987
296 4.736 -0.0003457655 -0.00039736249999999806
297 4.752 -0.0003394548 -0.0003914218750000007
298 4.768 -0.00033324 -0.0003853750000000003
299 4.784 -0.0003271228 -0.0003792406249999991
300 4.8 -0.0003211043 -0.00037305312499999986
301 4.816 -0.0003151851 -0.00036682187499999935
302 4.832 -0.000309366 -0.00036056249999999804
303 4.848 -0.0003036471 -0.00035429375000000166
304 4.864 -0.0002980286 -0.00034802500000000007
305 4.88 -0.0002925103 -0.0003417781249999991
306 4.896 -0.0002870917 -0.0003355531250000005
307 4.912 -0.0002817726 -0.00032936249999999945
308 4.928 -0.0002765521 -0.0003232218749999998
309 4.944 -0.0002714295 -0.00031713124999999814
310 4.96 -0.0002664039 -0.0003110999999999999
311 4.976 -0.0002614743 -0.00030513125
312 4.992 -0.0002566397 -0.0002992343749999987
313 5.008 -0.0002518988 -0.0002934125000000013
314 5.024 -0.0002472505 -0.0002876687500000001
315 5.04 -0.0002426934 -0.00028200937499999867
316 5.056 -0.0002382262 -0.00027643125000000046
317 5.072 -0.0002338476 -0.00027094062499999957
318 5.088 -0.0002295561 -0.00026554374999999963
319 5.104 -0.0002253502 -0.0002602312499999995
320 5.12 -0.0002212287 -0.00025501249999999864
321 5.136 -0.0002171898 -0.00024988750000000046
322 5.152 -0.0002132323 -0.00024485000000000045
323 5.168 -0.0002093546 -0.00023990937499999976
324 5.184 -0.0002055552 -0.00023506249999999916
325 5.2 -0.0002018326 -0.00023030937499999952
326 5.216 -0.0001981853 -0.0002256468749999999
327 5.232 -0.0001946119 -0.00022107500000000026
328 5.248 -0.0001911109 -0.00021659374999999977
329 5.264 -0.0001876809 -0.00021220312499999928
330 5.28 -0.0001843204 -0.00020790624999999976
331 5.296 -0.0001810279 -0.0002036937499999992
332 5.312 -0.0001778022 -0.00019956875000000027
333 5.328 -0.0001746417 -0.00019553124999999952
334 5.344 -0.0001715452 -0.00019157812499999947
335 5.36 -0.0001685112 -0.00018770937500000098
336 5.376 -0.0001655385 -0.00018392187499999962
337 5.392 -0.0001626257 -0.00018021562499999887
338 5.408 -0.0001597716 -0.00017658750000000036
339 5.424 -0.0001569749 -0.00017303749999999975
340 5.44 -0.0001542344 -0.00016956562499999966
341 5.456 -0.0001515488 -0.0001661718750000001
342 5.472 -0.0001489169 -0.00016284687499999902
343 5.488 -0.0001463377 -0.00015959375000000348
344 5.504 -0.0001438099 -0.00015641562500000577
345 5.52 -0.0001413324 -0.00015330624999999962
346 5.536 -0.0001389041 -0.0001502624999999997
347 5.552 -0.000136524 -0.00014728750000000002
348 5.568 -0.0001341909 -0.0001443750000000004
349 5.584 -0.000131904 -0.00014152499999999912
350 5.6 -0.0001296621 -0.00013874062499999971
351 5.616 -0.0001274643 -0.00013601875000000038
352 5.632 -0.0001253095 -0.00013335312500000005
353 5.648 -0.000123197 -0.00013074375000000004
354 5.664 -0.0001211257 -0.00012819687499999923
355 5.68 -0.0001190947 -0.00012570312499999995
356 5.696 -0.0001171032 -0.00012325937500000037
357 5.712 -0.0001151504 -0.0001208718749999998
358 5.728 -0.0001132353 -0.00011854062499999955
359 5.744 -0.0001113571 -0.00011625624999999978
360 5.76 -0.0001095151 -0.00011402187500000015
361 5.776 -0.0001077084 -0.00011183749999999978
362 5.792 -0.0001059363 -0.00010969687499999981
363 5.808 -0.0001041981 -0.00010760312500000032
364 5.824 -0.000102493 -0.00010555312499999992
365 5.84 -0.0001008204 -0.00010355062499999967
366 5.856 -9.917938e-05 -0.00010159281249999975
367 5.872 -9.756943e-05 -9.967281249999987e-05
368 5.888 -9.598985e-05 -9.779531250000018e-05
369 5.904 -9.443998e-05 -9.595781250000025e-05
370 5.92 -9.29192e-05 -9.415937499999971e-05
371 5.936 -9.142688e-05 -9.239906249999949e-05
372 5.952 -8.996243e-05 -9.06762499999999e-05
373 5.968 -8.852524e-05 -8.898999999999973e-05
374 5.984 -8.711475e-05 -8.733937499999988e-05
375 6.0 -8.573038e-05 -8.572343750000043e-05
376 6.016 -8.43716e-05 -8.414124999999969e-05
377 6.032 -8.303786e-05 -8.259218749999972e-05
378 6.048 -8.172865e-05 -8.107593749999984e-05
379 6.064 -8.044343e-05 -7.959125000000025e-05
380 6.08 -7.918173e-05 -7.813718750000016e-05
381 6.096 -7.794304e-05 -7.671374999999956e-05
382 6.112 -7.672689e-05 -7.531937500000014e-05
383 6.128 -7.553282e-05 -7.395406250000017e-05
384 6.144 -7.436036e-05 -7.261718749999955e-05
385 6.16 -7.320907e-05 -7.130749999999936e-05
386 6.176 -7.207852e-05 -7.00246875000002e-05
387 6.192 -7.096828e-05 -6.876812500000024e-05
388 6.208 -6.987794e-05 -6.75371874999998e-05
389 6.224 -6.880709e-05 -6.63315624999999e-05
390 6.24 -6.775533e-05 -6.515062500000003e-05
391 6.256 -6.672227e-05 -6.399343750000024e-05
392 6.272 -6.570754e-05 -6.285937499999998e-05
393 6.288 -6.471077e-05 -6.174812499999942e-05
394 6.304 -6.37316e-05 -6.065968749999987e-05
395 6.32 -6.276966e-05 -5.95931250000003e-05
396 6.336 -6.182462e-05 -5.8547812499999945e-05
397 6.352 -6.089613e-05 -5.752343749999985e-05
398 6.368 -5.998387e-05 -5.65193749999999e-05
399 6.384 -5.908751e-05 -5.553531249999984e-05
400 6.4 -5.820674e-05 -5.4570624999999984e-05
401 6.416 -5.734125e-05 -5.362531250000012e-05
402 6.432 -5.649073e-05 -5.269843749999988e-05
403 6.448 -5.56549e-05 -5.178968749999986e-05
404 6.464 -5.483346e-05 -5.0899374999999886e-05
405 6.48 -5.402612e-05 -5.0026249999999975e-05
406 6.496 -5.323262e-05 -4.917000000000116e-05
407 6.512 -5.245268e-05 -4.833062500000148e-05
408 6.528 -5.168604e-05 -4.7507187500000136e-05
409 6.544 -5.093245e-05 -4.670031250000005e-05
410 6.56 -5.019163e-05 -4.590906249999976e-05
411 6.576 -4.946336e-05 -4.5132499999999765e-05
412 6.592 -4.874739e-05 -4.437124999999995e-05
413 6.608 -4.804348e-05 -4.362468749999999e-05
414 6.624 -4.73514e-05 -4.289249999999984e-05
415 6.64 -4.667092e-05 -4.2174375000000094e-05
416 6.656 -4.600182e-05 -4.146968750000021e-05
417 6.672 -4.534389e-05 -4.0778437499999765e-05
418 6.688 -4.469691e-05 -4.010062499999983e-05
419 6.704 -4.406067e-05 -3.943531250000004e-05
420 6.72 -4.343498e-05 -3.8782812500000015e-05
421 6.736 -4.281962e-05 -3.814281249999991e-05
422 6.752 -4.221441e-05 -3.7514374999999796e-05
423 6.768 -4.161916e-05 -3.689781250000015e-05
424 6.784 -4.103368e-05 -3.629312499999989e-05
425 6.8 -4.045778e-05 -3.569937499999973e-05
426 6.816 -3.98913e-05 -3.511687500000016e-05
427 6.832 -3.933404e-05 -3.454562500000008e-05
428 6.848 -3.878584e-05 -3.3984374999999943e-05
429 6.864 -3.824654e-05 -3.343343750000002e-05
430 6.88 -3.771597e-05 -3.289312499999992e-05
431 6.896 -3.719396e-05 -3.236281249999998e-05
432 6.912 -3.668036e-05 -3.184187500000009e-05
433 6.928 -3.617502e-05 -3.1330624999999874e-05
434 6.944 -3.567778e-05 -3.082874999999993e-05
435 6.96 -3.51885e-05 -3.0336250000000033e-05
436 6.976 -3.470702e-05 -2.9852500000000087e-05
437 6.992 -3.423322e-05 -2.9377499999999872e-05
438 7.008 -3.376694e-05 -2.8911249999999823e-05
439 7.024 -3.330806e-05 -2.845312500000005e-05
440 7.04 -3.285644e-05 -2.800374999999979e-05
441 7.056 -3.241194e-05 -2.7562500000000026e-05
442 7.072 -3.197444e-05 -2.712875e-05
443 7.088 -3.154382e-05 -2.6702812499999982e-05
444 7.104 -3.111995e-05 -2.628468750000008e-05
445 7.12 -3.070271e-05 -2.5874062499999916e-05
446 7.136 -3.029198e-05 -2.547062500000009e-05
447 7.152 -2.988765e-05 -2.507437499999995e-05
448 7.168 -2.94896e-05 -2.468531249999993e-05
449 7.184 -2.909772e-05 -2.4303124999999976e-05
450 7.2 -2.87119e-05 -2.3927812499999874e-05
451 7.216 -2.833203e-05 -2.355874999999995e-05
452 7.232 -2.795802e-05 -2.31959375000001e-05
453 7.248 -2.758976e-05 -2.28400000000001e-05
454 7.264 -2.722714e-05 -2.2490312499999954e-05
455 7.28 -2.687007e-05 -2.2146562499999827e-05
456 7.296 -2.651845e-05 -2.1808749999999936e-05
457 7.312 -2.617219e-05 -2.1476875000000064e-05
458 7.328 -2.583119e-05 -2.1150937499999994e-05
459 7.344 -2.549536e-05 -2.0830312499999946e-05
460 7.36 -2.516462e-05 -2.0515312499999974e-05
461 7.376 -2.483887e-05 -2.0205937499999968e-05
462 7.392 -2.451803e-05 -1.9901874999999985e-05
463 7.408 -2.420201e-05 -1.9602812499999972e-05
464 7.424 -2.389074e-05 -1.9308750000000038e-05
465 7.44 -2.358413e-05 -1.9020000000000018e-05
466 7.456 -2.32821e-05 -1.873624999999986e-05
467 7.472 -2.298457e-05 -1.8457499999999997e-05
468 7.488 -2.269146e-05 -1.8183125000000434e-05
469 7.504 -2.240271e-05 -1.791312500000052e-05
470 7.52 -2.211824e-05 -1.7648124999999925e-05
471 7.536 -2.183797e-05 -1.7387499999999955e-05
472 7.552 -2.156184e-05 -1.7131250000000067e-05
473 7.568 -2.128977e-05 -1.6879375000000045e-05
474 7.584 -2.10217e-05 -1.663187499999989e-05
475 7.6 -2.075755e-05 -1.6388124999999927e-05
476 7.616 -2.049728e-05 -1.6148437499999995e-05
477 7.632 -2.02408e-05 -1.591312499999993e-05
478 7.648 -1.998806e-05 -1.568156249999995e-05
479 7.664 -1.973899e-05 -1.54540625e-05
480 7.68 -1.949353e-05 -1.5230000000000083e-05
481 7.696 -1.925163e-05 -1.5009374999999984e-05
482 7.712 -1.901323e-05 -1.4792812499999915e-05
483 7.728 -1.877826e-05 -1.458000000000004e-05
484 7.744 -1.854667e-05 -1.437031249999993e-05
485 7.76 -1.831841e-05 -1.4164375000000015e-05
486 7.776 -1.809341e-05 -1.396156250000008e-05
487 7.792 -1.787164e-05 -1.3761874999999911e-05
488 7.808 -1.765303e-05 -1.3565937499999937e-05
489 7.824 -1.743753e-05 -1.33728125e-05
490 7.84 -1.72251e-05 -1.3182812500000043e-05
491 7.856 -1.701568e-05 -1.2996250000000013e-05
492 7.872 -1.680922e-05 -1.2812499999999912e-05
493 7.888 -1.660568e-05 -1.2631562499999956e-05
494 7.904 -1.640501e-05 -1.245343749999993e-05
495 7.92 -1.620717e-05 -1.2278437499999993e-05
496 7.936 -1.60121e-05 -1.2106250000000094e-05
497 7.952 -1.581977e-05 -1.1936875000000016e-05
498 7.968 -1.563012e-05 -1.1770312499999975e-05
499 7.984 -1.544312e-05 -1.1605937499999976e-05
500 8.0 -1.525873e-05 -1.1444375000000014e-05
501 8.016 -1.50769e-05 -1.1285312499999982e-05
502 8.032 -1.48976e-05 -1.1129062499999989e-05
503 8.048 -1.472077e-05 -1.097531249999998e-05
504 8.064 -1.454639e-05 -1.082343749999996e-05
505 8.08 -1.437442e-05 -1.0674374999999979e-05
506 8.096 -1.420481e-05 -1.0527812499999982e-05
507 8.112 -1.403753e-05 -1.0383125000000028e-05
508 8.128 -1.387255e-05 -1.0240624999999952e-05
509 8.144 -1.370983e-05 -1.0100937499999969e-05
510 8.16 -1.354932e-05 -9.963125000000028e-06
511 8.176 -1.339101e-05 -9.827187500000023e-06
512 8.192 -1.323485e-05 -9.693750000000002e-06
513 8.208 -1.308081e-05 -9.562499999999914e-06
514 8.224 -1.292885e-05 -9.433124999999978e-06
515 8.24 -1.277895e-05 -9.305312500000032e-06
516 8.256 -1.263108e-05 -9.179687499999965e-06
517 8.272 -1.24852e-05 -9.056249999999993e-06
518 8.288 -1.234128e-05 -8.93468750000001e-06
519 8.304 -1.219929e-05 -8.814687499999964e-06
520 8.32 -1.205921e-05 -8.696875000000013e-06
521 8.336 -1.192099e-05 -8.580625000000053e-06
522 8.352 -1.178463e-05 -8.466249999999973e-06
523 8.368 -1.165007e-05 -8.353749999999991e-06
524 8.384 -1.151731e-05 -8.242500000000001e-06
525 8.4 -1.138631e-05 -8.133125e-06
526 8.416 -1.125705e-05 -8.025624999999988e-06
527 8.432 -1.112949e-05 -7.919999999999965e-06
528 8.448 -1.100361e-05 -7.81531249999999e-06
529 8.464 -1.08794e-05 -7.712187500000006e-06
530 8.48 -1.075682e-05 -7.6112500000000095e-06
531 8.496 -1.063584e-05 -7.511562499999951e-06
532 8.512 -1.051645e-05 -7.413124999999939e-06
533 8.528 -1.039862e-05 -7.316250000000027e-06
534 8.544 -1.028233e-05 -7.2209374999999965e-06
535 8.56 -1.016755e-05 -7.127187499999957e-06
536 8.576 -1.005426e-05 -7.034468750000025e-06
537 8.592 -9.942447e-06 -6.943156250000004e-06
538 8.608 -9.832079e-06 -6.853406249999973e-06
539 8.624 -9.723138e-06 -6.764906249999989e-06
540 8.64 -9.615602e-06 -6.677687500000035e-06
541 8.656 -9.509452e-06 -6.591750000000003e-06
542 8.672 -9.404666e-06 -6.507124999999931e-06
543 8.688 -9.301224e-06 -6.423687499999993e-06
544 8.704 -9.199108e-06 -6.34146875000001e-06
545 8.72 -9.098297e-06 -6.260500000000019e-06
546 8.736 -8.998772e-06 -6.1806562500000325e-06
547 8.752 -8.900516e-06 -6.101968749999979e-06
548 8.768 -8.803509e-06 -6.024468749999952e-06
549 8.784 -8.707733e-06 -5.9480937499999825e-06
550 8.8 -8.61317e-06 -5.872812500000034e-06
551 8.816 -8.519803e-06 -5.79856250000003e-06
552 8.832 -8.427616e-06 -5.725437499999977e-06
553 8.848 -8.336589e-06 -5.65337499999996e-06
554 8.864 -8.246708e-06 -5.582312499999959e-06
555 8.88 -8.157955e-06 -5.512281249999958e-06
556 8.896 -8.070315e-06 -5.443250000000026e-06
557 8.912 -7.983771e-06 -5.375218750000002e-06
558 8.928 -7.898308e-06 -5.308156249999956e-06
559 8.944 -7.81391e-06 -5.242062500000023e-06
560 8.96 -7.730562e-06 -5.17687500000002e-06
561 8.976 -7.64825e-06 -5.11259375e-06
562 8.992 -7.566959e-06 -5.049250000000301e-06
563 9.008 -7.486674e-06 -4.986812500000232e-06
564 9.024 -7.407381e-06 -4.925250000000002e-06
565 9.04 -7.329066e-06 -4.864562500000015e-06
566 9.056 -7.251715e-06 -4.804718749999991e-06
567 9.072 -7.175315e-06 -4.745718749999984e-06
568 9.088 -7.099852e-06 -4.687531249999982e-06
569 9.104 -7.025314e-06 -4.630156249999987e-06
570 9.12 -6.951687e-06 -4.573593750000025e-06
571 9.136 -6.878959e-06 -4.5178124999999765e-06
572 9.152 -6.807117e-06 -4.4628437499999885e-06
573 9.168 -6.736148e-06 -4.408593750000002e-06
574 9.184 -6.666042e-06 -4.35509375e-06
575 9.2 -6.596785e-06 -4.302374999999993e-06
576 9.216 -6.528366e-06 -4.250374999999987e-06
577 9.232 -6.460773e-06 -4.199062499999999e-06
578 9.248 -6.393996e-06 -4.148437500000002e-06
579 9.264 -6.328023e-06 -4.098562499999989e-06
580 9.28 -6.262842e-06 -4.049374999999994e-06
581 9.296 -6.198443e-06 -4.000812500000022e-06
582 9.312 -6.134816e-06 -3.952937499999986e-06
583 9.328 -6.071949e-06 -3.905749999999996e-06
584 9.344 -6.009832e-06 -3.85915624999999e-06
585 9.36 -5.948456e-06 -3.8131875000000086e-06
586 9.376 -5.88781e-06 -3.7679062500000173e-06
587 9.392 -5.827883e-06 -3.723187499999974e-06
588 9.408 -5.768668e-06 -3.679093749999981e-06
589 9.424 -5.710152e-06 -3.635593750000001e-06
590 9.44 -5.652329e-06 -3.5926562500000227e-06
591 9.456 -5.595187e-06 -3.5503437499999867e-06
592 9.472 -5.538718e-06 -3.508562499999969e-06
593 9.488 -5.482913e-06 -3.467343749999981e-06
594 9.504 -5.427763e-06 -3.4267187500000053e-06
595 9.52 -5.373258e-06 -3.3865937500000105e-06
596 9.536 -5.319392e-06 -3.347000000000007e-06
597 9.552 -5.266154e-06 -3.3079687500000058e-06
598 9.568 -5.213537e-06 -3.2694374999999852e-06
599 9.584 -5.161532e-06 -3.2314374999999832e-06
600 9.6 -5.110131e-06 -3.1939062500000056e-06
601 9.616 -5.059327e-06 -3.1569062500000193e-06
602 9.632 -5.00911e-06 -3.120375000000003e-06
603 9.648 -4.959475e-06 -3.084312499999984e-06
604 9.664 -4.910412e-06 -3.048749999999973e-06
605 9.68 -4.861915e-06 -3.0136562500000135e-06
606 9.696 -4.813975e-06 -2.979031249999997e-06
607 9.712 -4.766586e-06 -2.944843749999967e-06
608 9.728 -4.71974e-06 -2.9110937500000046e-06
609 9.744 -4.673431e-06 -2.877781250000029e-06
610 9.76 -4.627651e-06 -2.8449374999999963e-06
611 9.776 -4.582393e-06 -2.812499999999994e-06
612 9.792 -4.537651e-06 -2.780500000000005e-06
613 9.808 -4.493417e-06 -2.748906249999992e-06
614 9.824 -4.449686e-06 -2.7176874999999714e-06
615 9.84 -4.406451e-06 -2.6869062499999916e-06
616 9.856 -4.363705e-06 -2.6565312500000148e-06
617 9.872 -4.321442e-06 -2.6265624999999868e-06
618 9.888 -4.279655e-06 -2.5969687500000053e-06
619 9.904 -4.238339e-06 -2.5677187500000055e-06
620 9.92 -4.197488e-06 -2.538843749999971e-06
621 9.936 -4.157096e-06 -2.5103749999999937e-06
622 9.952 -4.117156e-06 -2.4822812500000088e-06
623 9.968 -4.077663e-06 -2.454499999999995e-06
624 9.984 -4.038612e-06 -2.4270937500000275e-06
625 10.0 -3.999996e-06 -2.4000625000000254e-06
626 10.016 -3.96181e-06 -2.3733437499999673e-06
627 10.032 -3.924049e-06 -2.3469687499999586e-06
628 10.048 -3.886707e-06 -2.320937500000013e-06
629 10.064 -3.849779e-06 -2.295218750000011e-06
630 10.08 -3.81326e-06 -2.269843749999991e-06
631 10.096 -3.777144e-06 -2.24478125000001e-06
632 10.112 -3.741427e-06 -2.2200312499999996e-06
633 10.128 -3.706103e-06 -2.195624999999998e-06
634 10.144 -3.671167e-06 -2.1714999999999978e-06
635 10.16 -3.636615e-06 -2.1476562499999984e-06
636 10.176 -3.602442e-06 -2.1241249999999972e-06
637 10.192 -3.568643e-06 -2.1009062499999806e-06
638 10.208 -3.535213e-06 -2.077937499999995e-06
639 10.224 -3.502149e-06 -2.0552812500000076e-06
640 10.24 -3.469444e-06 -2.0329374999999912e-06
641 10.256 -3.437095e-06 -2.0108124999999952e-06
642 10.272 -3.405098e-06 -1.989000000000011e-06
643 10.288 -3.373447e-06 -1.9674687500000006e-06
644 10.304 -3.342139e-06 -1.9461562499999835e-06
645 10.32 -3.31117e-06 -1.9251249999999945e-06
646 10.336 -3.280535e-06 -1.9043750000000202e-06
647 10.352 -3.25023e-06 -1.8838749999999956e-06
648 10.368 -3.220251e-06 -1.8636249999999884e-06
649 10.384 -3.190594e-06 -1.8435937500000017e-06
650 10.4 -3.161256e-06 -1.8238437499999889e-06
651 10.416 -3.132231e-06 -1.8043437500000071e-06
652 10.432 -3.103517e-06 -1.785031250000008e-06
653 10.448 -3.07511e-06 -1.7659687499999992e-06
654 10.464 -3.047006e-06 -1.7471562499999944e-06
655 10.48 -3.019201e-06 -1.7285937499999935e-06
656 10.496 -2.991691e-06 -1.7102499999999994e-06
657 10.512 -2.964473e-06 -1.692093749999988e-06
658 10.528 -2.937544e-06 -1.674156249999997e-06
659 10.544 -2.9109e-06 -1.6564687500000098e-06
660 10.56 -2.884537e-06 -1.6389687500000053e-06
661 10.576 -2.858453e-06 -1.6216874999999941e-06
662 10.592 -2.832643e-06 -1.6046249999999897e-06
663 10.608 -2.807105e-06 -1.587749999999995e-06
664 10.624 -2.781835e-06 -1.5710937500000073e-06
665 10.64 -2.75683e-06 -1.5546562499999992e-06
666 10.656 -2.732086e-06 -1.5383749999999902e-06
667 10.672 -2.707602e-06 -1.5222812500000044e-06
668 10.688 -2.683373e-06 -1.5064062499999984e-06
669 10.704 -2.659397e-06 -1.4907187499999886e-06
670 10.72 -2.63567e-06 -1.475218750000002e-06
671 10.736 -2.61219e-06 -1.4599062500000117e-06
672 10.752 -2.588953e-06 -1.444781250000004e-06
673 10.768 -2.565957e-06 -1.4297812499999846e-06
674 10.784 -2.5432e-06 -1.4149999999999992e-06
675 10.8 -2.520677e-06 -1.40040625000001e-06
676 10.816 -2.498387e-06 -1.3859687499999791e-06
677 10.832 -2.476326e-06 -1.3717187499999851e-06
678 10.848 -2.454492e-06 -1.3575937500000067e-06
679 10.864 -2.432883e-06 -1.3436562499999973e-06
680 10.88 -2.411495e-06 -1.3299062499999976e-06
681 10.896 -2.390326e-06 -1.3162812500000135e-06
682 10.912 -2.369374e-06 -1.3028437499999984e-06
683 10.928 -2.348635e-06 -1.289531249999999e-06
684 10.944 -2.328109e-06 -1.2763749999999984e-06
685 10.96 -2.307791e-06 -1.2634374999999912e-06
686 10.976 -2.287679e-06 -1.2505937500000025e-06
687 10.992 -2.267772e-06 -1.2378750000000834e-06
688 11.008 -2.248067e-06 -1.2253437500000657e-06
689 11.024 -2.228561e-06 -1.2129687499999928e-06
690 11.04 -2.209252e-06 -1.2007187499999897e-06
691 11.056 -2.190138e-06 -1.188593750000002e-06
692 11.072 -2.171217e-06 -1.1765937500000164e-06
693 11.088 -2.152487e-06 -1.1647812499999998e-06
694 11.104 -2.133944e-06 -1.1530937499999987e-06
695 11.12 -2.115588e-06 -1.1415312499999996e-06
696 11.136 -2.097415e-06 -1.130093749999989e-06
697 11.152 -2.079425e-06 -1.1187812500000074e-06
698 11.168 -2.061614e-06 -1.1076250000000113e-06
699 11.184 -2.043981e-06 -1.09659374999999e-06
700 11.2 -2.026523e-06 -1.0856562499999872e-06
701 11.216 -2.00924e-06 -1.07484375e-06
702 11.232 -1.992128e-06 -1.0641874999999982e-06
703 11.248 -1.975186e-06 -1.0536562499999984e-06
704 11.264 -1.958411e-06 -1.0432187500000035e-06
705 11.28 -1.941803e-06 -1.032874999999993e-06
706 11.296 -1.925359e-06 -1.0226874999999953e-06
707 11.312 -1.909077e-06 -1.0126250000000063e-06
708 11.328 -1.892955e-06 -1.0026562500000018e-06
709 11.344 -1.876992e-06 -9.927812500000021e-07
710 11.36 -1.861186e-06 -9.830312499999977e-07
711 11.376 -1.845535e-06 -9.734062499999952e-07
712 11.392 -1.830037e-06 -9.638750000000044e-07
713 11.408 -1.814691e-06 -9.54437499999998e-07
714 11.424 -1.799495e-06 -9.451249999999938e-07
715 11.44 -1.784447e-06 -9.359062500000011e-07
716 11.456 -1.769546e-06 -9.268125000000036e-07
717 11.472 -1.754789e-06 -9.178124999999974e-07
718 11.488 -1.740176e-06 -9.08874999999999e-07
719 11.504 -1.725705e-06 -9.000625000000025e-07
720 11.52 -1.711374e-06 -8.913437499999974e-07
721 11.536 -1.697182e-06 -8.82750000000001e-07
722 11.552 -1.683126e-06 -8.742187499999988e-07
723 11.568 -1.669207e-06 -8.657812499999947e-07
724 11.584 -1.655421e-06 -8.574687499999993e-07
725 11.6 -1.641768e-06 -8.491875000000011e-07
726 11.616 -1.628247e-06 -8.41031249999998e-07
727 11.632 -1.614855e-06 -8.329999999999969e-07
728 11.648 -1.601591e-06 -8.250312500000036e-07
729 11.664 -1.588454e-06 -8.171250000000045e-07
730 11.68 -1.575443e-06 -8.093124999999967e-07
731 11.696 -1.562556e-06 -8.015937499999937e-07
732 11.712 -1.549792e-06 -7.939687500000024e-07
733 11.728 -1.537149e-06 -7.864062499999985e-07
734 11.744 -1.524627e-06 -7.789374999999995e-07
735 11.76 -1.512223e-06 -7.715624999999986e-07
736 11.776 -1.499937e-06 -7.642499999999987e-07
737 11.792 -1.487767e-06 -7.569999999999997e-07
738 11.808 -1.475713e-06 -7.498437499999988e-07
739 11.824 -1.463772e-06 -7.428124999999999e-07
740 11.84 -1.451943e-06 -7.358124999999914e-07
741 11.856 -1.440226e-06 -7.288749999999973e-07
742 11.872 -1.428619e-06 -7.220312500000081e-07
743 11.888 -1.417121e-06 -7.152499999999996e-07
744 11.904 -1.405731e-06 -7.085312499999921e-07
745 11.92 -1.394448e-06 -7.01906250000003e-07
746 11.936 -1.38327e-06 -6.953437500000013e-07
747 11.952 -1.372197e-06 -6.888749999999977e-07
748 11.968 -1.361226e-06 -6.824687500000019e-07
749 11.984 -1.350358e-06 -6.760937499999964e-07
750 12.0 -1.339591e-06 -6.697812499999986e-07
751 12.016 -1.328925e-06 -6.63562499999999e-07
752 12.032 -1.318357e-06 -6.574374999999974e-07
753 12.048 -1.307887e-06 -6.513750000000036e-07
754 12.064 -1.297513e-06 -6.453437500000001e-07
755 12.08 -1.287236e-06 -6.393437499999937e-07
756 12.096 -1.277054e-06 -6.334687500000028e-07
757 12.112 -1.266965e-06 -6.276562500000062e-07
758 12.128 -1.256969e-06 -6.21843749999996e-07
759 12.144 -1.247066e-06 -6.161249999999974e-07
760 12.16 -1.237253e-06 -6.10499999999997e-07
761 12.176 -1.22753e-06 -6.049062500000004e-07
762 12.192 -1.217896e-06 -5.99374999999998e-07
763 12.208 -1.20835e-06 -5.939062499999966e-07
764 12.224 -1.198891e-06 -5.88468749999999e-07
765 12.24 -1.189519e-06 -5.830937500000025e-07
766 12.256 -1.180232e-06 -5.77812500000004e-07
767 12.272 -1.171029e-06 -5.725625000000027e-07
768 12.288 -1.16191e-06 -5.673437499999985e-07
769 12.304 -1.152874e-06 -5.621874999999884e-07
770 12.32 -1.14392e-06 -5.570937499999997e-07
771 12.336 -1.135047e-06 -5.520625000000052e-07
772 12.352 -1.126254e-06 -5.470937499999981e-07
773 12.368 -1.11754e-06 -5.421562500000017e-07
774 12.384 -1.108905e-06 -5.372812499999995e-07
775 12.4 -1.100347e-06 -5.324374999999943e-07
776 12.416 -1.091867e-06 -5.27656249999997e-07
777 12.432 -1.083462e-06 -5.229062500000035e-07
778 12.448 -1.075134e-06 -5.182187500000042e-07
779 12.464 -1.066879e-06 -5.135937499999924e-07
780 12.48 -1.058699e-06 -5.08999999999998e-07
781 12.496 -1.050591e-06 -5.044687500000046e-07
782 12.512 -1.042556e-06 -4.999374999999976e-07
783 12.528 -1.034593e-06 -4.954999999999955e-07
784 12.544 -1.0267e-06 -4.910937500000041e-07
785 12.56 -1.018878e-06 -4.867187500000029e-07
786 12.576 -1.011125e-06 -4.824374999999931e-07
787 12.592 -1.00344e-06 -4.781500000000015e-07
788 12.608 -9.958242e-07 -4.738937500000002e-07
789 12.624 -9.882754e-07 -4.6971874999999277e-07
790 12.64 -9.807932e-07 -4.6557499999999935e-07
791 12.656 -9.73377e-07 -4.6146875000000856e-07
792 12.672 -9.660262e-07 -4.574062500000022e-07
793 12.688 -9.5874e-07 -4.533843749999961e-07
794 12.704 -9.515179e-07 -4.4939999999999946e-07
795 12.72 -9.443592e-07 -4.454593749999974e-07
796 12.736 -9.372632e-07 -4.4155624999999793e-07
797 12.752 -9.302294e-07 -4.376906250000011e-07
798 12.768 -9.232571e-07 -4.3386875000000225e-07
799 12.784 -9.163456e-07 -4.3008125000000157e-07
800 12.8 -9.094945e-07 -4.263312500000001e-07
801 12.816 -9.02703e-07 -4.226187499999979e-07
802 12.832 -8.959707e-07 -4.189437499999983e-07
803 12.848 -8.892968e-07 -4.1530625000000136e-07
804 12.864 -8.826809e-07 -4.1170312500000256e-07
805 12.88 -8.761223e-07 -4.081374999999962e-07
806 12.896 -8.696205e-07 -4.046062499999982e-07
807 12.912 -8.631749e-07 -4.011093750000018e-07
808 12.928 -8.56785e-07 -3.9764687499999673e-07
809 12.944 -8.504502e-07 -3.9421875e-07
810 12.96 -8.4417e-07 -3.9082500000000146e-07
811 12.976 -8.379438e-07 -3.874656249999977e-07
812 12.992 -8.317711e-07 -3.841375000000249e-07
813 13.008 -8.256514e-07 -3.8084062500001536e-07
814 13.024 -8.195842e-07 -3.775781249999972e-07
815 13.04 -8.135689e-07 -3.7434687499999985e-07
816 13.056 -8.076051e-07 -3.71146875000003e-07
817 13.072 -8.016922e-07 -3.6797812499999986e-07
818 13.088 -7.958298e-07 -3.648406249999972e-07
819 13.104 -7.900173e-07 -3.6173437499999845e-07
820 13.12 -7.842543e-07 -3.586593750000002e-07
821 13.136 -7.785402e-07 -3.5561250000000133e-07
822 13.152 -7.728747e-07 -3.525937499999985e-07
823 13.168 -7.672572e-07 -3.496062499999962e-07
824 13.184 -7.616873e-07 -3.466437500000024e-07
825 13.2 -7.561646e-07 -3.43715625e-07
826 13.216 -7.506884e-07 -3.4081562499999705e-07
827 13.232 -7.452585e-07 -3.3793750000000154e-07
828 13.248 -7.398744e-07 -3.3509062499999974e-07
829 13.264 -7.345356e-07 -3.3227500000000183e-07
830 13.28 -7.292416e-07 -3.294812499999978e-07
831 13.296 -7.239922e-07 -3.2671562499999663e-07
832 13.312 -7.187867e-07 -3.2397812500000164e-07
833 13.328 -7.136249e-07 -3.2126250000000055e-07
834 13.344 -7.085063e-07 -3.185749999999989e-07
835 13.36 -7.034305e-07 -3.1591562500000005e-07
836 13.376 -6.98397e-07 -3.1328124999999957e-07
837 13.392 -6.934055e-07 -3.106687499999964e-07
838 13.408 -6.884556e-07 -3.080843749999994e-07
839 13.424 -6.835468e-07 -3.0552500000000077e-07
840 13.44 -6.786788e-07 -3.0298437500000177e-07
841 13.456 -6.738513e-07 -3.004718750000022e-07
842 13.472 -6.690637e-07 -2.9798437500000097e-07
843 13.488 -6.643158e-07 -2.9551874999999704e-07
844 13.504 -6.596071e-07 -2.930749999999972e-07
845 13.52 -6.549374e-07 -2.906562499999991e-07
846 13.536 -6.503061e-07 -2.8826250000000273e-07
847 13.552 -6.45713e-07 -2.8588437500000154e-07
848 13.568 -6.411578e-07 -2.835343749999998e-07
849 13.584 -6.366399e-07 -2.812062500000021e-07
850 13.6 -6.321592e-07 -2.7889687499999723e-07
851 13.616 -6.277152e-07 -2.7660937499999645e-07
852 13.632 -6.233077e-07 -2.743468750000008e-07
853 13.648 -6.189361e-07 -2.721031250000014e-07
854 13.664 -6.146004e-07 -2.698781249999982e-07
855 13.68 -6.103e-07 -2.6768124999999784e-07
856 13.696 -6.060346e-07 -2.654999999999994e-07
857 13.712 -6.01804e-07 -2.633343750000029e-07
858 13.728 -5.976079e-07 -2.61193749999998e-07
859 13.744 -5.934458e-07 -2.590749999999972e-07
860 13.76 -5.893175e-07 -2.5697500000000274e-07
861 13.776 -5.852226e-07 -2.5489062500000007e-07
862 13.792 -5.81161e-07 -2.528281249999981e-07
863 13.808 -5.771321e-07 -2.507843750000025e-07
864 13.824 -5.731359e-07 -2.4875937500000314e-07
865 13.84 -5.691718e-07 -2.467562499999977e-07
866 13.856 -5.652397e-07 -2.447656249999999e-07
867 13.872 -5.613393e-07 -2.427968749999994e-07
868 13.888 -5.574702e-07 -2.408468749999985e-07
869 13.904 -5.536322e-07 -2.3891249999999955e-07
870 13.92 -5.49825e-07 -2.3699374999999916e-07
871 13.936 -5.460484e-07 -2.3509687499999944e-07
872 13.952 -5.423019e-07 -2.3321874999999935e-07
873 13.968 -5.385854e-07 -2.3135312500000013e-07
874 13.984 -5.348986e-07 -2.2950624999999714e-07
875 14.0 -5.312412e-07 -2.2767812500000054e-07
876 14.016 -5.276129e-07 -2.258656250000025e-07
877 14.032 -5.240135e-07 -2.2406874999999962e-07
878 14.048 -5.204427e-07 -2.2228749999999867e-07
879 14.064 -5.169003e-07 -2.2052187499999967e-07
880 14.08 -5.13386e-07 -2.187750000000003e-07
881 14.096 -5.098995e-07 -2.1704374999999946e-07
882 14.112 -5.064406e-07 -2.153249999999995e-07
883 14.128 -5.030091e-07 -2.1362499999999916e-07
884 14.144 -4.996046e-07 -2.1194062500000076e-07
885 14.16 -4.96227e-07 -2.1026874999999985e-07
886 14.176 -4.92876e-07 -2.086124999999975e-07
887 14.192 -4.895514e-07 -2.0697187499999876e-07
888 14.208 -4.862529e-07 -2.053437500000009e-07
889 14.224 -4.829804e-07 -2.037312500000016e-07
890 14.24 -4.797335e-07 -2.0213750000000023e-07
891 14.256 -4.76512e-07 -2.0055624999999803e-07
892 14.272 -4.733157e-07 -1.989874999999984e-07
893 14.288 -4.701444e-07 -1.9743125000000135e-07
894 14.304 -4.669979e-07 -1.9589062500000114e-07
895 14.32 -4.638759e-07 -1.9436250000000012e-07
896 14.336 -4.607783e-07 -1.9285000000000104e-07
897 14.352 -4.577047e-07 -1.9134999999999945e-07
898 14.368 -4.546551e-07 -1.8986249999999873e-07
899 14.384 -4.516291e-07 -1.8839062499999995e-07
900 14.4 -4.486266e-07 -1.8693124999999865e-07
901 14.416 -4.456473e-07 -1.8548437499999823e-07
902 14.432 -4.426911e-07 -1.84046875000001e-07
903 14.448 -4.397578e-07 -1.8262500000000064e-07
904 14.464 -4.368471e-07 -1.8121562500000115e-07
905 14.48 -4.339589e-07 -1.7981874999999915e-07
906 14.496 -4.310929e-07 -1.7843437499999802e-07
907 14.512 -4.28249e-07 -1.7706250000000115e-07
908 14.528 -4.254269e-07 -1.7570312500000177e-07
909 14.544 -4.226265e-07 -1.743531249999988e-07
910 14.56 -4.198476e-07 -1.7301562499999842e-07
911 14.576 -4.1709e-07 -1.716906250000006e-07
912 14.592 -4.143535e-07 -1.7037812500000026e-07
913 14.608 -4.116379e-07 -1.6907500000000143e-07
914 14.624 -4.089431e-07 -1.6778437500000008e-07
915 14.64 -4.062688e-07 -1.665062499999996e-07
916 14.656 -4.036149e-07 -1.6523749999999894e-07
917 14.672 -4.009812e-07 -1.6397812499999809e-07
918 14.688 -3.983676e-07 -1.6273437500000086e-07
919 14.704 -3.957737e-07 -1.6150000000000176e-07
920 14.72 -3.931996e-07 -1.602718749999997e-07
921 14.736 -3.90645e-07 -1.590593749999979e-07
922 14.752 -3.881097e-07 -1.5785624999999927e-07
923 14.768 -3.855936e-07 -1.5666250000000047e-07
924 14.784 -3.830965e-07 -1.5547812499999978e-07
925 14.8 -3.806183e-07 -1.5430624999999996e-07
926 14.816 -3.781587e-07 -1.5314374999999995e-07
927 14.832 -3.757177e-07 -1.5199062499999975e-07
928 14.848 -3.73295e-07 -1.5084687499999936e-07
929 14.864 -3.708906e-07 -1.4971562499999985e-07
930 14.88 -3.685041e-07 -1.4859375000000014e-07
931 14.896 -3.661356e-07 -1.4747812500000087e-07
932 14.912 -3.637848e-07 -1.4637500000000078e-07
933 14.928 -3.614516e-07 -1.4527812499999943e-07
934 14.944 -3.591359e-07 -1.4419374999999896e-07
935 14.96 -3.568374e-07 -1.431187499999983e-07
936 14.976 -3.545561e-07 -1.4204999999999977e-07
937 14.992 -3.522918e-07 -1.4099375000000889e-07
938 15.008 -3.500443e-07 -1.399437500000049e-07
939 15.024 -3.478136e-07 -1.38903124999999e-07
940 15.04 -3.455994e-07 -1.3787500000000078e-07
941 15.056 -3.434016e-07 -1.368531249999996e-07
942 15.072 -3.412201e-07 -1.3583749999999885e-07
943 15.088 -3.390548e-07 -1.348312500000013e-07
944 15.104 -3.369055e-07 -1.3383437500000017e-07
945 15.12 -3.347721e-07 -1.3284687500000055e-07
946 15.136 -3.326544e-07 -1.3186875000000074e-07
947 15.152 -3.305523e-07 -1.3089687499999966e-07
948 15.168 -3.284657e-07 -1.2993124999999903e-07
949 15.184 -3.263945e-07 -1.2897812499999927e-07
950 15.2 -3.243384e-07 -1.2803124999999994e-07
951 15.216 -3.222975e-07 -1.270875e-07
952 15.232 -3.202716e-07 -1.261593749999986e-07
953 15.248 -3.182604e-07 -1.2523749999999932e-07
954 15.264 -3.16264e-07 -1.2431875000000112e-07
955 15.28 -3.142822e-07 -1.2340937499999934e-07
956 15.296 -3.123149e-07 -1.2250937500000075e-07
957 15.312 -3.103619e-07 -1.216156250000009e-07
958 15.328 -3.084232e-07 -1.2073124999999918e-07
959 15.344 -3.064985e-07 -1.198531249999996e-07
960 15.36 -3.045879e-07 -1.1897812499999936e-07
961 15.376 -3.026912e-07 -1.1811562500000001e-07
962 15.392 -3.008082e-07 -1.1726250000000047e-07
963 15.408 -2.989388e-07 -1.164125000000003e-07
964 15.424 -2.97083e-07 -1.155656249999995e-07
965 15.44 -2.952407e-07 -1.1473124999999958e-07
966 15.456 -2.934116e-07 -1.139031250000001e-07
967 15.472 -2.915958e-07 -1.1308125000000104e-07
968 15.488 -2.89793e-07 -1.1226562499999904e-07
969 15.504 -2.880033e-07 -1.1145624999999918e-07
970 15.52 -2.862264e-07 -1.1065624999999912e-07
971 15.536 -2.844623e-07 -1.0986249999999949e-07
972 15.552 -2.827108e-07 -1.0907187500000094e-07
973 15.568 -2.80972e-07 -1.0828749999999943e-07
974 15.584 -2.792456e-07 -1.0751249999999942e-07
975 15.6 -2.775316e-07 -1.0674374999999985e-07
976 15.616 -2.758298e-07 -1.0598125000000072e-07
977 15.632 -2.741402e-07 -1.0522500000000034e-07
978 15.648 -2.724626e-07 -1.0447500000000038e-07
979 15.664 -2.70797e-07 -1.037281249999998e-07
980 15.68 -2.691433e-07 -1.0298749999999966e-07
981 15.696 -2.675014e-07 -1.0225624999999933e-07
982 15.712 -2.658711e-07 -1.0153124999999944e-07
983 15.728 -2.642524e-07 -1.008093750000006e-07
984 15.744 -2.626452e-07 -1.0009374999999882e-07
985 15.76 -2.610494e-07 -9.938437499999917e-08
986 15.776 -2.594649e-07 -9.868124999999996e-08
987 15.792 -2.578916e-07 -9.798437499999949e-08
988 15.808 -2.563294e-07 -9.729375000000116e-08
989 15.824 -2.547782e-07 -9.66062500000005e-08
990 15.84 -2.53238e-07 -9.59218749999992e-08
991 15.856 -2.517087e-07 -9.524687500000111e-08
992 15.872 -2.501901e-07 -9.458124999999944e-08
993 15.888 -2.486821e-07 -9.391562499999947e-08
994 15.904 -2.471848e-07 -9.325312500000225e-08
995 15.92 -2.45698e-07 -9.259999999999976e-08
996 15.936 -2.442216e-07 -9.19531249999977e-08
997 15.952 -2.427555e-07 -9.13093750000001e-08
998 15.968 -2.412997e-07 -9.066875000000018e-08
999 15.984 -2.398541e-07 -9.003437499999985e-08
1000 16.0 -2.384186e-07 -8.94093750000061e-08
1001 16.016 -2.36993e-07 -8.91000000000086e-08
